id;type;uri;resolution
1;QRCODE;toutefois ressusciter aspirer;sauvage
2;IMAGE;antique ouille;moyennant
3;LINK;corps enseignant équipe;malgré mélancolique
4;PLANTUML;antagoniste près cadre;résister caresser ding
5;LINK;pauvre;à côté de de façon à ce que
6;LINK;corps enseignant;neutre lors
7;QRCODE;fabriquer hormis;brusque collègue
8;QRCODE;guide;entourer agréable
9;IMAGE;repasser comment gestionnaire;crac pourvu que
10;PLANTUML;désigner afin de lâche;souple
